99.714	99.676	99.636	99.594	99.548	99.5	99.448	99.393	99.333	99.269	99.2	99.125	99.043	98.955	98.857	98.75	98.632	98.5	98.353	98.188	98.001	97.784	97.539	97.25	96.91	96.5	95.999	95.447	94.572	93.5	92
99.743	99.706	99.667	99.625	99.581	99.533	99.483	99.429	99.37	99.308	99.24	99.167	99.087	99	98.905	98.8	98.684	98.556	98.412	98.25	98.068	97.856	97.616	97.333	97.001	96.6	96.11	95.57	94.715	93.667	92.2
99.771	99.735	99.697	99.656	99.613	99.567	99.517	99.464	99.407	99.346	99.28	99.208	99.13	99.045	98.952	98.85	98.737	98.611	98.471	98.313	98.134	97.927	97.693	97.417	97.092	96.7	96.221	95.693	94.857	93.833	92.4
99.8	99.765	99.727	99.688	99.645	99.6	99.552	99.5	99.444	99.385	99.32	99.25	99.174	99.091	99	98.9	98.789	98.667	98.529	98.375	98.201	97.999	97.77	97.5	97.183	96.8	96.332	95.815	95	94	92.6
99.829	99.794	99.758	99.719	99.677	99.633	99.586	99.536	99.481	99.423	99.36	99.292	99.217	99.136	99.048	98.95	98.842	98.722	98.588	98.438	98.267	98.07	97.847	97.583	97.274	96.9	96.443	95.938	95.143	94.167	92.8
99.857	99.824	99.788	99.75	99.71	99.667	99.621	99.571	99.519	99.462	99.4	99.333	99.261	99.182	99.095	99	98.895	98.778	98.647	98.5	98.334	98.142	97.924	97.667	97.365	97	96.554	96.061	95.286	94.333	93
99.886	99.853	99.818	99.781	99.742	99.7	99.655	99.607	99.556	99.5	99.44	99.375	99.304	99.227	99.143	99.05	98.947	98.833	98.706	98.563	98.401	98.213	98	97.75	97.455	97.1	96.666	96.184	95.429	94.5	93.2
99.914	99.882	99.848	99.813	99.774	99.733	99.69	99.643	99.593	99.538	99.48	99.417	99.348	99.273	99.19	99.1	99	98.889	98.765	98.625	98.467	98.284	98.077	97.833	97.546	97.2	96.777	96.307	95.572	94.667	93.4
99.943	99.912	99.879	99.844	99.806	99.767	99.724	99.679	99.63	99.577	99.52	99.458	99.391	99.318	99.238	99.15	99.053	98.944	98.824	98.688	98.534	98.356	98.154	97.917	97.637	97.3	96.888	96.43	95.714	94.833	93.6
99.971	99.941	99.909	99.875	99.839	99.8	99.759	99.714	99.667	99.615	99.56	99.5	99.435	99.364	99.286	99.2	99.105	99	98.882	98.75	98.601	98.427	98.231	98	97.728	97.4	96.999	96.552	95.857	95	93.8
100.000	99.971	99.939	99.906	99.871	99.833	99.793	99.75	99.704	99.654	99.6	99.542	99.478	99.409	99.333	99.25	99.158	99.056	98.941	98.813	98.667	98.499	98.308	98.083	97.819	97.5	97.11	96.675	96	95.167	94
100.029	100.000	99.97	99.938	99.903	99.867	99.828	99.786	99.741	99.692	99.64	99.583	99.522	99.455	99.381	99.3	99.211	99.111	99	98.875	98.734	98.57	98.385	98.167	97.91	97.6	97.221	96.798	96.143	95.333	94.2
100.057	100.029	100.000	99.969	99.935	99.9	99.862	99.821	99.778	99.731	99.68	99.625	99.565	99.5	99.429	99.35	99.263	99.167	99.059	98.938	98.801	98.642	98.462	98.25	98.001	97.7	97.332	96.921	96.286	95.5	94.4
100.086	100.059	100.03	100.000	99.968	99.933	99.897	99.857	99.815	99.769	99.72	99.667	99.609	99.545	99.476	99.4	99.316	99.222	99.118	99	98.867	98.713	98.539	98.333	98.091	97.8	97.443	97.044	96.429	95.667	94.6
100.114	100.088	100.061	100.031	100.000	99.967	99.931	99.893	99.852	99.808	99.76	99.708	99.652	99.591	99.524	99.45	99.368	99.278	99.176	99.063	98.934	98.785	98.616	98.416	98.182	97.9	97.555	97.166	96.571	95.833	94.8
100.143	100.118	100.091	100.063	100.032	100.000	99.966	99.929	99.889	99.846	99.8	99.75	99.696	99.636	99.571	99.5	99.421	99.333	99.235	99.125	99	98.856	98.692	98.5	98.273	98	97.666	97.289	96.714	96	95
100.171	100.147	100.121	100.094	100.065	100.033	100.000	99.964	99.926	99.885	99.84	99.792	99.739	99.682	99.619	99.55	99.474	99.389	99.294	99.188	99.067	98.928	98.769	98.583	98.364	98.1	97.777	97.412	96.857	96.167	95.2
100.2	100.176	100.152	100.125	100.097	100.067	100.034	100.000	99.963	99.923	99.88	99.833	99.783	99.727	99.667	99.6	99.526	99.444	99.353	99.25	99.134	98.999	98.846	98.666	98.455	98.2	97.888	97.535	97	96.333	95.4
100.229	100.206	100.182	100.156	100.129	100.1	100.069	100.036	100.000	99.962	99.92	99.875	99.826	99.773	99.714	99.65	99.579	99.5	99.412	99.313	99.2	99.071	98.923	98.75	98.546	98.3	97.999	97.658	97.143	96.5	95.6
100.257	100.235	100.212	100.188	100.161	100.133	100.103	100.071	100.037	100.000	99.96	99.917	99.87	99.818	99.762	99.7	99.632	99.556	99.471	99.375	99.267	99.142	99	98.833	98.637	98.4	98.11	97.781	97.286	96.667	95.8
100.286	100.265	100.242	100.219	100.194	100.167	100.138	100.107	100.074	100.038	100.000	99.958	99.913	99.864	99.81	99.75	99.684	99.611	99.529	99.438	99.334	99.213	99.077	98.916	98.728	98.5	98.221	97.903	97.428	96.833	96
100.314	100.294	100.273	100.25	100.226	100.2	100.172	100.143	100.111	100.077	100.04	100.000	99.957	99.909	99.857	99.8	99.737	99.667	99.588	99.5	99.4	99.285	99.154	99	98.818	98.6	98.333	98.026	97.571	97	96.2
100.343	100.324	100.303	100.281	100.258	100.233	100.207	100.179	100.148	100.115	100.08	100.042	100.000	99.955	99.905	99.85	99.789	99.722	99.647	99.563	99.467	99.356	99.231	99.083	98.909	98.7	98.444	98.149	97.714	97.166	96.4
100.371	100.353	100.333	100.313	100.29	100.267	100.241	100.214	100.185	100.154	100.12	100.083	100.043	100.000	99.952	99.9	99.842	99.778	99.706	99.625	99.533	99.428	99.308	99.166	99	98.8	98.555	98.272	97.857	97.333	96.6
100.4	100.382	100.364	100.344	100.323	100.3	100.276	100.25	100.222	100.192	100.16	100.125	100.087	100.045	100.000	99.95	99.895	99.833	99.765	99.688	99.6	99.499	99.384	99.25	99.091	98.9	98.666	98.395	98	97.5	96.8
100.429	100.412	100.394	100.375	100.355	100.333	100.31	100.286	100.259	100.231	100.2	100.167	100.13	100.091	100.048	100.000	99.947	99.889	99.824	99.75	99.667	99.571	99.461	99.333	99.182	99	98.777	98.517	98.143	97.666	97
100.457	100.441	100.424	100.406	100.387	100.367	100.345	100.321	100.296	100.269	100.24	100.208	100.174	100.136	100.095	100.05	100.000	99.944	99.882	99.813	99.733	99.642	99.538	99.416	99.273	99.1	98.888	98.64	98.285	97.833	97.2
100.486	100.471	100.455	100.438	100.419	100.4	100.379	100.357	100.333	100.308	100.28	100.25	100.217	100.182	100.143	100.1	100.053	100.000	99.941	99.875	99.8	99.714	99.615	99.5	99.364	99.2	98.999	98.763	98.428	98	97.4
100.514	100.5	100.485	100.469	100.452	100.433	100.414	100.393	100.37	100.346	100.32	100.292	100.261	100.227	100.19	100.15	100.105	100.056	100.000	99.938	99.867	99.785	99.692	99.583	99.454	99.3	99.111	98.886	98.571	98.166	97.6
100.543	100.529	100.515	100.5	100.484	100.467	100.448	100.429	100.407	100.385	100.36	100.333	100.304	100.273	100.238	100.2	100.158	100.111	100.059	100.000	99.933	99.857	99.769	99.666	99.545	99.4	99.222	99.009	98.714	98.333	97.8
100.571	100.559	100.545	100.531	100.516	100.5	100.483	100.464	100.444	100.423	100.4	100.375	100.348	100.318	100.286	100.25	100.211	100.167	100.118	100.063	100.000	99.928	99.846	99.75	99.636	99.5	99.333	99.125	98.857	98.5	98
100.6	100.588	100.576	100.563	100.548	100.533	100.517	100.5	100.481	100.462	100.44	100.417	100.391	100.364	100.333	100.3	100.263	100.222	100.176	100.125	100.066	100.000	99.923	99.833	99.727	99.6	99.444	99.25	99	98.666	98.2
100.629	100.618	100.606	100.594	100.581	100.567	100.552	100.536	100.519	100.5	100.48	100.458	100.435	100.409	100.381	100.35	100.316	100.278	100.235	100.188	100.133	100.071	100.000	99.916	99.818	99.7	99.555	99.375	99.142	98.833	98.4
100.657	100.647	100.636	100.625	100.613	100.6	100.586	100.571	100.556	100.538	100.52	100.5	100.478	100.455	100.429	100.4	100.368	100.333	100.294	100.25	100.2	100.142	100.076	100.000	99.909	99.8	99.666	99.5	99.285	99	98.6
100.686	100.676	100.667	100.656	100.645	100.633	100.621	100.607	100.593	100.577	100.56	100.542	100.522	100.5	100.476	100.45	100.421	100.389	100.353	100.313	100.266	100.214	100.153	100.083	100.000	99.9	99.777	99.625	99.428	99.166	98.8
100.714	100.706	100.697	100.688	100.677	100.667	100.655	100.643	100.63	100.615	100.6	100.583	100.565	100.545	100.524	100.5	100.474	100.444	100.412	100.375	100.333	100.285	100.23	100.166	100.09	100.000	99.888	99.75	99.571	99.333	99
100.743	100.735	100.727	100.719	100.71	100.7	100.69	100.679	100.667	100.654	100.64	100.625	100.609	100.591	100.571	100.55	100.526	100.5	100.471	100.438	100.4	100.357	100.307	100.25	100.181	100.1	100.000	99.875	99.714	99.5	99.2
100.771	100.765	100.758	100.75	100.742	100.733	100.724	100.714	100.704	100.692	100.68	100.667	100.652	100.636	100.619	100.6	100.579	100.556	100.529	100.5	100.466	100.428	100.384	100.333	100.272	100.2	100.111	100.000	99.857	99.666	99.4
100.8	100.794	100.788	100.781	100.774	100.767	100.759	100.75	100.741	100.731	100.72	100.708	100.696	100.682	100.667	100.65	100.632	100.611	100.588	100.563	100.533	100.5	100.461	100.416	100.363	100.3	100.222	100.125	100.000	99.833	99.6
100.829	100.824	100.818	100.813	100.806	100.8	100.793	100.786	100.778	100.769	100.76	100.75	100.739	100.727	100.714	100.7	100.684	100.667	100.647	100.625	100.599	100.571	100.538	100.5	100.454	100.4	100.333	100.25	100.142	100.000	99.8
100.857	100.853	100.848	100.844	100.839	100.833	100.828	100.821	100.815	100.808	100.8	100.792	100.783	100.773	100.762	100.75	100.737	100.722	100.706	100.688	100.666	100.643	100.615	100.583	100.545	100.5	100.444	100.375	100.285	100.166	100.000
